[
  [120, 630],
  [121, 630],
  [122, 630],
  [123, 630],
  [124, 630],
  [125, 630],
  [126, 630],
  [126.9, 630.4],
  [127.9, 630.7],
  [128.8, 631.1],
  [129.7, 631.5],
  [130.6, 631.9],
  [131.4, 632.4],
  [132.1, 633.1],
  [132.8, 633.8],
  [133.6, 634.6],
  [134.3, 635.2],
  [135.2, 635.7],
  [136, 636.2],
  [136.9, 636.7],
  [137.8, 637.3],
  [138.6, 637.8],
  [139.5, 637.8],
  [140.4, 637.4],
  [141.4, 637.1],
  [142.3, 636.7],
  [143.2, 636.3],
  [144.1, 635.9],
  [144.6, 635],
  [145.2, 634.2],
  [145.8, 633.4],
  [146.4, 632.6],
  [147.1, 631.9],
  [148, 631.4],
  [148.8, 630.9],
  [149.7, 630.4],
  [150.5, 629.9],
  [151.4, 629.4],
  [152.3, 629],
  [153.3, 629],
  [154.3, 629],
  [155.3, 629],
  [156.3, 629.2],
  [157.3, 629.3],
  [158.3, 629.5],
  [159.3, 629.6],
  [160.3, 629.8],
  [161.2, 629.9],
  [162.2, 630.2],
  [162.9, 630.9],
  [163.6, 631.6],
  [164.3, 632.3],
  [165, 633],
  [165.7, 633.7],
  [166.4, 634.4],
  [167.1, 635.1],
  [167.8, 635.8],
  [168.7, 636.2],
  [169.7, 636.6],
  [170.6, 636.9],
  [171.6, 637],
  [172.6, 637],
  [173.3, 636.5],
  [173.9, 635.7],
  [174.4, 634.8],
  [175, 634],
  [175.4, 633.1],
  [175.9, 632.2],
  [176.3, 631.3],
  [176.8, 630.4],
  [176.6, 629.6],
  [176, 628.9],
  [175.5, 628],
  [175.1, 627.1],
  [175.8, 626.6],
  [176.7, 626.2],
  [177.6, 626],
  [178.6, 626],
  [179.6, 626],
  [180.6, 626],
  [181.6, 626.3],
  [182.5, 626.7],
  [183.3, 627.2],
  [184.2, 627.6],
  [185.1, 628],
  [186.1, 628.3],
  [187.1, 628.5],
  [188.1, 628.8],
  [189, 629],
  [190, 629.3],
  [191, 629.5],
  [191.9, 629.7],
  [192.9, 630],
  [193.6, 630.7],
  [194.2, 631.5],
  [194.9, 632.2],
  [195.5, 633],
  [196.1, 633.8],
  [196.8, 634.5],
  [197.4, 635.3],
  [198, 636.1],
  [198.3, 637],
  [198.7, 638],
  [199, 638.9],
  [199.5, 639.8],
  [200.1, 640.6],
  [200.6, 641.4],
  [201.2, 642.2],
  [201.9, 642.9],
  [202.6, 643.6],
  [203.4, 644.4],
  [204.1, 645.1],
  [204.8, 645.8],
  [205.5, 646.5],
  [206.2, 647.2],
  [206.9, 647.9],
  [207.6, 648.6],
  [208, 649.4],
  [208, 650.4],
  [207.7, 651.3],
  [207, 652],
  [206.3, 652.7],
  [205.5, 653.3],
  [204.6, 653.7],
  [203.8, 654.3],
  [203.2, 655.1],
  [202.7, 656],
  [202.1, 656.8],
  [201.7, 657.7],
  [201.2, 658.6],
  [201.4, 659.3],
  [202.3, 659.8],
  [203.1, 660.4],
  [203.9, 661],
  [204.8, 661.4],
  [205.7, 661.9],
  [206.6, 662.3],
  [207.5, 662.8],
  [208.3, 663.3],
  [209, 664],
  [209.7, 664.7],
  [209.6, 665.4],
  [208.8, 666.1],
  [207.9, 666.4],
  [206.9, 666.7],
  [206, 667],
  [205, 667],
  [204, 667],
  [203, 667],
  [202, 667],
  [201, 667],
  [200, 667.1],
  [199, 667.2],
  [198, 667.3],
  [197, 667.4],
  [196, 667.5],
  [195, 667.6],
  [194, 667.7],
  [193, 667.8],
  [192, 667.9],
  [191, 668],
  [190, 668.2],
  [189.1, 668.5],
  [188.1, 668.7],
  [187.1, 669],
  [186.2, 669.4],
  [185.3, 669.8],
  [184.4, 670.3],
  [183.5, 670.7],
  [182.6, 671.2],
  [181.7, 671.6],
  [180.9, 672.1],
  [180, 672.5],
  [179.1, 673],
  [179, 673.9],
  [179, 674.9],
  [179, 675.9],
  [178.1, 676.2],
  [177.1, 676.5],
  [176.2, 676.7],
  [175.2, 677],
  [174.2, 677],
  [173.2, 677],
  [172.2, 677],
  [171.2, 677],
  [170.2, 677],
  [170.2, 677.8],
  [170.4, 678.8],
  [170.7, 679.7],
  [170.9, 680.7],
  [171.6, 681.3],
  [172.6, 681.6],
  [173.5, 682],
  [174.4, 682.4],
  [175.3, 682.7],
  [176.2, 683.2],
  [177.1, 683.7],
  [177.9, 684.3],
  [178.7, 684.8],
  [179.6, 685.4],
  [180.4, 685.9],
  [181.2, 686.5],
  [182.1, 687],
  [183.1, 687.1],
  [184.1, 687.2],
  [185.1, 687.3],
  [186.1, 687.5],
  [187.1, 687.6],
  [188, 687.7],
  [189, 687.8],
  [190, 687.9],
  [191, 688],
  [192, 688.2],
  [193, 688.4],
  [194, 688.6],
  [195, 688.8],
  [195.9, 689],
  [196.9, 688.7],
  [197.8, 688.4],
  [198.8, 688.1],
  [199.7, 687.8],
  [200.7, 687.4],
  [201.6, 687.1],
  [202.6, 686.8],
  [203.5, 686.5],
  [204.5, 686.2],
  [205.4, 685.8],
  [206.3, 685.5],
  [207.3, 685.1],
  [208.2, 684.7],
  [209.1, 684.3],
  [210.1, 684],
  [211, 683.7],
  [212, 683.3],
  [212.9, 683],
  [213.7, 682.5],
  [214.5, 681.9],
  [215.3, 681.3],
  [216.1, 680.7],
  [216.9, 680.1],
  [217.8, 679.6],
  [218.7, 679.2],
  [219.6, 679.3],
  [220.5, 679.7],
  [221.1, 680.4],
  [221.5, 681.4],
  [221.8, 682.3],
  [222, 683.3],
  [222.2, 684.2],
  [222.9, 684.9],
  [223.6, 685.6],
  [223.9, 686.4],
  [223.5, 687.4],
  [223.2, 688.3],
  [222.9, 689.3],
  [222.8, 690.2],
  [222.6, 691.2],
  [222.4, 692.2],
  [222.2, 693.2],
  [221.8, 694.1],
  [220.9, 694.4],
  [219.9, 694.7],
  [219, 695],
  [218.3, 695.7],
  [217.4, 696.2],
  [216.5, 696.5],
  [215.5, 696.8],
  [215.2, 697.4],
  [215.6, 698.3],
  [216, 699.2],
  [216.3, 700.2],
  [216.5, 701.1],
  [216.8, 702.1],
  [217, 703.1],
  [217, 704.1],
  [217, 705.1],
  [217, 706.1],
  [217, 707.1],
  [216.9, 708],
  [215.9, 708.2],
  [215, 708.4],
  [214, 708.6],
  [213, 708.8],
  [212, 709],
  [211.3, 709.7],
  [210.5, 710.3],
  [209.6, 710.7],
  [208.7, 711.1],
  [207.8, 711.6],
  [206.9, 712.1],
  [206.3, 712.9],
  [205.7, 713.7],
  [205.1, 714.5],
  [204.5, 715.3],
  [204, 716.1],
  [203.7, 717],
  [203.3, 718],
  [203, 718.9],
  [202.7, 719.9],
  [202.4, 720.8],
  [202.1, 721.8],
  [201.8, 722.7],
  [201.4, 723.7],
  [201.1, 724.6],
  [200.6, 725.4],
  [199.9, 726.1],
  [199.2, 726.8],
  [198.5, 727.6],
  [197.7, 728.3],
  [197, 729],
  [196.9, 729.9],
  [196.8, 730.9],
  [196.7, 731.9],
  [196.6, 732.9],
  [196.5, 733.9],
  [196.4, 734.9],
  [196.3, 735.9],
  [196.2, 736.9],
  [196.1, 737.9],
  [196, 738.9],
  [195.7, 739.9],
  [195.4, 740.8],
  [195.1, 741.8],
  [194.6, 742.6],
  [194, 743.4],
  [193.5, 744.3],
  [192.9, 745],
  [191.9, 745],
  [190.9, 745],
  [189.9, 745],
  [188.9, 745],
  [187.9, 744.7],
  [186.9, 744.5],
  [186, 744.2],
  [185, 744],
  [185, 745],
  [185, 746],
  [185, 747],
  [185.7, 747.7],
  [186.4, 748.4],
  [187.1, 749.1],
  [187.8, 749.8],
  [188.7, 750.3],
  [189.6, 750.7],
  [190.5, 751.1],
  [191.4, 751.5],
  [192.4, 751.9],
  [193.3, 752.3],
  [194.2, 752.7],
  [195.1, 753.2],
  [196, 753.6],
  [196.9, 754],
  [197.4, 754.8],
  [197.9, 755.7],
  [198.3, 756.6],
  [198.8, 757.5],
  [199.2, 758.4],
  [199.6, 759.3],
  [200, 760.2],
  [200, 761.2],
  [200, 762.2],
  [200, 763.2],
  [200, 764.2],
  [200, 765.2],
  [200, 766.2],
  [200, 767.2],
  [200, 768.2],
  [199.9, 769.1],
  [199.1, 769.9],
  [198.4, 770.6],
  [197.7, 771.3],
  [197, 772],
  [197, 773],
  [197, 774],
  [197, 775],
  [197, 776],
  [197.5, 776.8],
  [198.1, 777.6],
  [198.6, 778.5],
  [199.2, 779.3],
  [199.8, 780.1],
  [200.3, 781],
  [200.9, 781.8],
  [201.5, 782.6],
  [202.1, 783.4],
  [202.8, 784.1],
  [203.4, 784.9],
  [204, 785.7],
  [204.7, 786.4],
  [205.3, 787.2],
  [206, 788],
  [206.7, 788.7],
  [207.4, 789.4],
  [208.1, 790.1],
  [208.8, 790.8],
  [209.4, 791.6],
  [209.9, 792.4],
  [210.5, 793.3],
  [211.1, 794.1],
  [211.9, 794.7],
  [212.7, 795.3],
  [213.5, 795.9],
  [214.3, 796.5],
  [215, 797.1],
  [214.8, 798.1],
  [214.7, 799.1],
  [214.5, 800.1],
  [214.3, 801],
  [214.2, 802],
  [214, 803],
  [214, 804],
  [214, 805],
  [214, 806],
  [214, 807],
  [214, 808],
  [214, 809],
  [214, 810],
  [213, 810],
  [212, 810],
  [211, 810],
  [210, 810],
  [209, 810],
  [208, 810],
  [207.1, 810.5],
  [206.2, 810.9],
  [205.3, 811.4],
  [204.4, 811.8],
  [203.5, 812.2],
  [202.5, 812.5],
  [201.6, 812.8],
  [200.9, 813.4],
  [200.7, 814.4],
  [200.5, 815.3],
  [200.3, 816.3],
  [200.1, 817.3],
  [199.8, 818.2],
  [199.1, 818.9],
  [198.4, 819.6],
  [197.7, 820.3],
  [197, 821],
  [196.3, 821.7],
  [195.6, 822.4],
  [194.8, 823.2],
  [194.1, 823.9],
  [193.4, 824.6],
  [192.6, 825.1],
  [191.7, 825.4],
  [190.7, 825.7],
  [189.7, 825.9],
  [188.8, 826.2],
  [187.8, 826.5],
  [186.9, 826.8],
  [186, 827.1],
  [185.9, 828],
  [184.9, 828],
  [183.9, 828],
  [182.9, 827.9],
  [182.3, 827.1],
  [181.7, 826.3],
  [181.1, 825.5],
  [180.5, 824.7],
  [179.9, 823.9],
  [179.1, 823.3],
  [178.4, 822.7],
  [177.6, 822.1],
  [176.8, 821.4],
  [176, 820.8],
  [175.2, 820.2],
  [174.8, 820.7],
  [174.6, 821.7],
  [174.3, 822.6],
  [174.1, 823.6],
  [173.9, 824.6],
  [173.6, 825.5],
  [173.4, 826.5],
  [173.1, 827.5],
  [172.5, 828.1],
  [171.6, 828.2],
  [170.6, 828.3],
  [169.6, 828.5],
  [168.6, 828.6],
  [167.6, 828.8],
  [166.6, 828.9],
  [166, 828.6],
  [166.2, 827.6],
  [166.3, 826.6],
  [166.4, 825.6],
  [166.5, 824.6],
  [166.7, 823.7],
  [166.8, 822.7],
  [166.9, 821.7],
  [166.9, 820.7],
  [166.5, 819.8],
  [166.2, 818.8],
  [165.8, 817.9],
  [165.5, 817],
  [165.1, 816],
  [164.8, 815.1],
  [164.4, 814.1],
  [164.1, 813.2],
  [163.3, 812.8],
  [162.3, 812.4],
  [161.4, 812.1],
  [160.4, 811.8],
  [159.5, 811.5],
  [158.5, 811.2],
  [157.6, 810.9],
  [156.6, 810.5],
  [155.7, 810.2],
  [154.8, 810.2],
  [154, 810.8],
  [153.2, 811.4],
  [152.4, 812.1],
  [151.6, 812.7],
  [150.9, 813.3],
  [150.1, 813.9],
  [149.5, 814.7],
  [148.9, 815.5],
  [148.3, 816.3],
  [147.7, 817.1],
  [147.1, 817.9],
  [146.5, 818.7],
  [146, 819.6],
  [145.4, 820.4],
  [144.9, 821.3],
  [144.4, 822.2],
  [144, 823],
  [143.5, 823.9],
  [143.1, 824.8],
  [142.8, 824.2],
  [142.6, 823.2],
  [142.3, 822.3],
  [142.1, 821.3],
  [141.9, 820.3],
  [141.7, 819.3],
  [141.6, 818.3],
  [141.4, 817.4],
  [141.2, 816.4],
  [141.1, 815.4],
  [140.4, 814.8],
  [139.5, 814.5],
  [138.5, 814.2],
  [137.6, 813.9],
  [136.6, 813.5],
  [135.7, 813.2],
  [134.7, 813.1],
  [133.9, 813.6],
  [133, 814],
  [132.1, 814.5],
  [131.2, 814.9],
  [130.3, 815.4],
  [129.4, 815.8],
  [128.7, 816.5],
  [128.1, 817.3],
  [127.5, 818.1],
  [126.9, 818.9],
  [126.3, 819.7],
  [126.1, 820.6],
  [126.4, 821.5],
  [126.6, 822.5],
  [126.9, 823.5],
  [126.7, 824.3],
  [126, 825],
  [125.3, 825.7],
  [124.6, 826.4],
  [123.9, 827.2],
  [123.1, 827.9],
  [122.3, 828.4],
  [121.4, 828.8],
  [120.5, 829.3],
  [119.6, 829.7],
  [118.7, 830.1],
  [117.8, 830.6],
  [116.9, 831],
  [115.9, 830.8],
  [115, 830.5],
  [114, 830.3],
  [113, 830.1],
  [112, 829.9],
  [111.1, 829.6],
  [110.1, 829.4],
  [109.1, 829.2],
  [108.1, 829],
  [107.2, 828.7],
  [106.2, 828.5],
  [105.2, 828.3],
  [104.2, 828.1],
  [103.5, 827.5],
  [102.8, 826.8],
  [102.1, 826.1],
  [101.3, 825.3],
  [100.6, 824.6],
  [99.9, 823.9],
  [99.2, 823.2],
  [98.5, 822.5],
  [97.7, 821.9],
  [96.8, 821.6],
  [95.8, 821.3],
  [94.9, 821],
  [93.9, 820.7],
  [93, 820.5],
  [92, 820.2],
  [91.1, 819.9],
  [90.1, 819.6],
  [89.1, 819.3],
  [88.2, 819],
  [87.2, 818.7],
  [86.3, 818.4],
  [85.3, 818.1],
  [84.3, 817.9],
  [83.4, 817.8],
  [82.4, 817.7],
  [81.4, 817.5],
  [80.4, 817.4],
  [79.4, 817.3],
  [78.4, 817.2],
  [77.4, 817.1],
  [76.4, 817.2],
  [75.5, 817.4],
  [74.5, 817.7],
  [73.5, 818],
  [72.6, 818.3],
  [71.6, 818.5],
  [70.7, 818.8],
  [69.7, 819.1],
  [68.8, 819.5],
  [67.8, 819.8],
  [66.9, 820.2],
  [66, 820.5],
  [65, 820.9],
  [64.1, 821.2],
  [63.1, 821.6],
  [62.2, 821.9],
  [61.5, 822.5],
  [60.7, 823.3],
  [60, 824],
  [59.3, 824.7],
  [58.6, 825.4],
  [57.9, 826.1],
  [57.2, 826.8],
  [56.3, 827.2],
  [55.4, 827.5],
  [54.4, 827.8],
  [53.5, 828.1],
  [52.5, 828.4],
  [51.5, 828.7],
  [50.6, 829],
  [49.6, 829.3],
  [48.7, 829.6],
  [47.7, 829.9],
  [46.8, 830.1],
  [45.8, 830.4],
  [44.9, 830.7],
  [43.9, 831],
  [42.9, 831.2],
  [41.9, 831.5],
  [41, 831.7],
  [40, 831.9],
  [39, 832.1],
  [38, 832.3],
  [37.1, 832.5],
  [36.1, 832.8],
  [35.1, 833],
  [34.1, 832.9],
  [33.1, 832.8],
  [32.1, 832.6],
  [31.1, 832.5],
  [30.2, 832.4],
  [29.2, 832.3],
  [28.2, 832.1],
  [27.2, 832],
  [26.4, 831.4],
  [25.7, 830.7],
  [25, 830],
  [24.3, 829.3],
  [23.4, 829.1],
  [22.4, 829.2],
  [21.4, 829.3],
  [20.4, 829.4],
  [19.5, 829.6],
  [18.5, 829.7],
  [17.5, 829.8],
  [16.5, 829.9],
  [15.5, 829.9],
  [14.5, 829.8],
  [13.5, 829.6],
  [12.5, 829.4],
  [11.5, 829.3],
  [10.6, 829.1],
  [9.6, 828.9],
  [8.6, 828.7],
  [7.6, 828.4],
  [6.7, 828.2],
  [6, 827.7],
  [6.2, 826.8],
  [6.9, 826.1],
  [7.6, 825.4],
  [8.3, 824.7],
  [9.1, 823.9],
  [9.8, 823.2],
  [10.5, 822.5],
  [11.2, 821.9],
  [12, 821.3],
  [12.9, 820.8],
  [13.7, 820.2],
  [14.5, 819.5],
  [15.2, 818.8],
  [15.9, 818.1],
  [16.6, 817.4],
  [17.4, 817],
  [18.4, 816.9],
  [19.4, 816.8],
  [20.4, 816.8],
  [21.4, 816.7],
  [22.4, 816.6],
  [23.4, 816.5],
  [24.4, 816.5],
  [25.4, 816.4],
  [26.4, 816.3],
  [27.4, 816.3],
  [28.4, 816.2],
  [29.4, 816.1],
  [30.4, 816],
  [31.4, 816],
  [32.4, 815.9],
  [33.4, 815.8],
  [34.4, 815.8],
  [35.4, 815.7],
  [36.3, 815.6],
  [37.3, 815.5],
  [38.3, 815.5],
  [39.3, 815.4],
  [40.3, 815.3],
  [41.3, 815.3],
  [42.3, 815.2],
  [43.3, 815.1],
  [44.3, 815],
  [45.3, 814.8],
  [46.2, 814.3],
  [47, 813.8],
  [47.9, 813.4],
  [48.8, 812.9],
  [49.6, 812.4],
  [50.5, 811.9],
  [51.4, 811.4],
  [52.2, 810.8],
  [53, 810.2],
  [53.8, 809.6],
  [54.5, 809],
  [55.3, 808.3],
  [56.1, 807.7],
  [56.9, 807.1],
  [57.5, 806.3],
  [58, 805.5],
  [58.6, 804.6],
  [59.1, 803.8],
  [59.7, 803],
  [60.3, 802.1],
  [60.8, 801.3],
  [61.4, 800.5],
  [61.9, 799.6],
  [62.5, 798.8],
  [63, 798],
  [63.4, 797],
  [63.8, 796.1],
  [64.3, 795.2],
  [64.7, 794.3],
  [65.1, 793.4],
  [65.5, 792.5],
  [65.9, 791.6],
  [66.3, 790.7],
  [66.7, 789.8],
  [67.2, 788.9],
  [67.6, 787.9],
  [68, 787],
  [68.8, 786.5],
  [69.7, 786],
  [70.6, 785.6],
  [71.5, 785.1],
  [72.3, 784.6],
  [73.2, 784.1],
  [74.1, 783.6],
  [75, 783.1],
  [75.8, 782.6],
  [76.7, 782.2],
  [77.6, 781.7],
  [78.5, 781.3],
  [79.4, 780.9],
  [80.4, 780.5],
  [81.3, 780.1],
  [82.2, 779.7],
  [83.1, 779.3],
  [84, 778.9],
  [84.9, 778.5],
  [85.8, 778.1],
  [86.8, 777.7],
  [87.7, 777.4],
  [88.7, 777.1],
  [89.4, 776.5],
  [89.9, 775.6],
  [90.5, 774.8],
  [91, 774],
  [90.2, 773.4],
  [89.4, 772.8],
  [88.6, 772.2],
  [87.8, 771.6],
  [87, 771],
  [86, 770.7],
  [85, 770.5],
  [84, 770.3],
  [83.1, 770],
  [82.1, 769.8],
  [81.1, 769.7],
  [80.1, 769.5],
  [79.1, 769.4],
  [78.1, 769.2],
  [77.2, 769],
  [76.2, 769.3],
  [75.3, 769.6],
  [74.3, 769.9],
  [73.4, 770.2],
  [72.4, 770.5],
  [71.5, 770.8],
  [70.5, 771.2],
  [69.6, 771.5],
  [68.6, 771.8],
  [67.7, 772.1],
  [66.7, 772.5],
  [65.8, 772.9],
  [64.9, 773.2],
  [64, 773.6],
  [63, 774],
  [62.1, 774.2],
  [61.1, 774.4],
  [60.1, 774.6],
  [59.1, 774.9],
  [58.1, 775.1],
  [57.2, 775.3],
  [56.2, 775.5],
  [55.2, 775.7],
  [54.2, 775.9],
  [53.3, 776.1],
  [52.3, 776.2],
  [51.3, 776.3],
  [50.3, 776.5],
  [49.3, 776.6],
  [48.3, 776.7],
  [47.3, 776.8],
  [46.3, 777],
  [45.3, 777.1],
  [44.3, 777.3],
  [43.3, 777.4],
  [42.4, 777.6],
  [41.4, 777.8],
  [40.4, 777.9],
  [39.4, 778.2],
  [38.5, 778.5],
  [37.5, 778.8],
  [36.6, 779.1],
  [35.6, 779.5],
  [34.7, 779.8],
  [33.7, 780],
  [32.7, 780.2],
  [31.7, 780.4],
  [30.8, 780.5],
  [29.8, 780.7],
  [28.8, 780.9],
  [27.9, 780.9],
  [27.1, 780.1],
  [26.4, 779.4],
  [26, 778.6],
  [26, 777.6],
  [26, 776.6],
  [26, 775.6],
  [26.2, 774.7],
  [26.6, 773.8],
  [27.1, 772.9],
  [27.5, 772],
  [28, 771.1],
  [28.4, 770.2],
  [28.9, 769.3],
  [29.6, 768.7],
  [30.5, 768.3],
  [31.4, 767.8],
  [32.3, 767.4],
  [33.2, 767],
  [34.2, 766.8],
  [35.2, 766.7],
  [36.2, 766.6],
  [37.2, 766.4],
  [38.1, 766.3],
  [39.1, 766.2],
  [40.1, 766],
  [41.1, 765.9],
  [42.1, 765.8],
  [43.1, 765.7],
  [44.1, 765.5],
  [45.1, 765.4],
  [46.1, 765.3],
  [47.1, 765.1],
  [48.1, 765],
  [49.1, 764.9],
  [50.1, 764.8],
  [51.1, 764.7],
  [52, 764.6],
  [53, 764.5],
  [54, 764.5],
  [55, 764.4],
  [56, 764.3],
  [57, 764.2],
  [58, 764.1],
  [59, 764],
  [59.9, 763.5],
  [60.8, 763],
  [61.6, 762.5],
  [62.5, 762],
  [63.4, 761.6],
  [64.3, 761.1],
  [65.1, 760.6],
  [66, 760.1],
  [66.9, 759.6],
  [67.8, 759.1],
  [68.6, 758.6],
  [69.5, 758.2],
  [70.4, 757.7],
  [71.2, 757.2],
  [72.1, 756.7],
  [73, 756.2],
  [73.9, 755.7],
  [74.7, 755.2],
  [75.6, 754.7],
  [76.5, 754.2],
  [77.3, 753.7],
  [78.2, 753.3],
  [79.1, 752.8],
  [80, 752.3],
  [80.8, 751.8],
  [81.7, 751.3],
  [82.6, 750.8],
  [83.4, 750.3],
  [84.3, 749.7],
  [85, 749],
  [85.7, 748.3],
  [86.4, 747.6],
  [87.1, 746.9],
  [87.8, 746.2],
  [88.5, 745.5],
  [89.2, 744.8],
  [89.9, 744.1],
  [90.6, 743.4],
  [91.3, 742.7],
  [92, 742],
  [92.7, 741.3],
  [93.5, 740.5],
  [94.2, 739.8],
  [94.9, 739.1],
  [95.6, 738.4],
  [96.3, 737.7],
  [97, 737],
  [97.7, 736.3],
  [98.4, 735.6],
  [99, 734.8],
  [99, 733.8],
  [99, 732.8],
  [99, 731.8],
  [99.1, 730.9],
  [99.6, 730],
  [100.2, 729.2],
  [100.7, 728.4],
  [101.3, 727.5],
  [101.9, 726.7],
  [102.4, 725.9],
  [103, 725],
  [103.2, 724.1],
  [103.4, 723.1],
  [103.6, 722.1],
  [103.8, 721.1],
  [104, 720.2],
  [104.2, 719.2],
  [104.5, 718.2],
  [104.8, 717.3],
  [105.1, 716.3],
  [105.3, 715.3],
  [105.6, 714.4],
  [105.9, 713.4],
  [106.3, 712.5],
  [106.9, 711.7],
  [107.4, 710.9],
  [108, 710],
  [108.5, 709.2],
  [109.1, 708.4],
  [109.6, 707.5],
  [109.9, 706.7],
  [109.8, 705.7],
  [109.6, 704.7],
  [109.4, 703.7],
  [109.3, 702.7],
  [109.1, 701.7],
  [109, 700.7],
  [108.8, 699.7],
  [108.6, 698.8],
  [108.5, 697.8],
  [108.3, 696.8],
  [108.1, 695.8],
  [107.9, 694.8],
  [107.4, 694],
  [106.9, 693.1],
  [106.4, 692.3],
  [105.8, 691.4],
  [105.3, 690.6],
  [104.8, 689.7],
  [104.4, 688.8],
  [104, 687.9],
  [104, 686.9],
  [103.9, 685.9],
  [103.1, 685.4],
  [102.2, 684.8],
  [101.4, 684.3],
  [100.5, 684.1],
  [99.5, 684.3],
  [98.5, 684.5],
  [97.6, 684.7],
  [96.6, 684.9],
  [95.6, 685.1],
  [94.6, 685.2],
  [93.6, 685.3],
  [92.6, 685.4],
  [91.6, 685.5],
  [90.6, 685.7],
  [89.6, 685.8],
  [88.6, 685.9],
  [87.7, 685.7],
  [87, 685],
  [86.3, 684.3],
  [85.6, 683.6],
  [84.9, 682.9],
  [84.2, 682.2],
  [83.6, 681.4],
  [83.1, 680.5],
  [82.6, 679.7],
  [82.1, 678.8],
  [81.6, 678],
  [81.1, 677.1],
  [80.6, 676.3],
  [80, 675.4],
  [79.5, 674.5],
  [79, 673.7],
  [78.5, 672.8],
  [78, 672],
  [78.6, 671.1],
  [79.1, 670.3],
  [79.7, 669.5],
  [80.4, 668.8],
  [81.2, 668.3],
  [82.1, 667.7],
  [82.9, 667.2],
  [83.8, 666.7],
  [84.7, 666.2],
  [85.6, 666.2],
  [86.5, 666.5],
  [87.5, 666.8],
  [88.3, 667.3],
  [89, 668],
  [89.7, 668.7],
  [90.5, 669.3],
  [91.3, 669.9],
  [92.2, 670.4],
  [93, 671],
  [93.6, 671.8],
  [94.2, 672.6],
  [94.8, 673.4],
  [95.4, 674.2],
  [96, 675],
  [96, 676],
  [96, 677],
  [97, 677],
  [98, 677],
  [99, 677],
  [99.2, 676],
  [99.4, 675],
  [99.6, 674.1],
  [99.8, 673.1],
  [100, 672.1],
  [100, 671.1],
  [100, 670.1],
  [100, 669.1],
  [100.9, 669],
  [101.9, 669],
  [102.9, 669],
  [103.7, 668.5],
  [104.5, 667.9],
  [105.3, 667.3],
  [106.1, 666.7],
  [106.9, 666.1],
  [107.6, 665.4],
  [108.3, 664.7],
  [109.1, 663.9],
  [109.8, 663.2],
  [110.5, 662.5],
  [111.1, 661.8],
  [111.3, 660.8],
  [111.6, 659.8],
  [111.9, 658.9],
  [112.2, 657.9],
  [112.4, 657],
  [112.7, 656],
  [113, 655],
  [113, 654],
  [113, 653],
  [113, 652],
  [113, 651],
  [113, 650],
  [113, 649],
  [113, 648],
  [113, 647],
  [113, 646],
  [113, 645],
  [113, 644],
  [113, 643],
  [113.2, 642.1],
  [113.5, 641.1],
  [113.7, 640.1],
  [114, 639.1],
  [114.6, 638.4],
  [115.3, 637.7],
  [116, 637],
  [116.7, 636.3],
  [117, 635.4],
  [117, 634.4],
  [117, 633.4],
  [117, 632.4],
  [117.5, 631.7],
  [118.3, 631.1],
  [119.2, 630.6],
  [120, 630]
]